# Local Maxima Results from PythonStep Workflow
# Format: x y z value
10 40 25 149.31
11 14 9 94.83
6 4 43 22.40
7 13 1 19.71
1 5 45 19.63
0 4 9 19.26
20 16 13 18.73
12 42 20 18.64
10 51 2 18.46
8 16 20 18.06
12 32 20 18.01
16 1 20 17.68
2 33 41 17.65
21 51 10 17.36
5 4 25 17.14
19 15 46 17.01
17 4 14 16.90
4 18 38 16.89
3 8 48 16.89
11 8 2 16.77
11 39 19 16.74
13 3 7 16.68
15 16 38 16.48
4 21 14 16.44
5 18 46 16.43
4 46 8 16.42
14 13 36 16.40
21 50 14 16.35
12 28 12 16.32
1 22 16 16.22
21 29 22 16.16
16 39 49 16.11
9 44 47 16.08
21 14 30 16.07
0 32 15 15.97
16 23 40 15.97
5 8 44 15.93
18 3 8 15.92
21 4 41 15.84
10 18 14 15.79
11 37 32 15.79
3 18 26 15.79
1 27 32 15.76
5 38 12 15.70
13 18 43 15.70
0 39 7 15.69
8 51 5 15.68
16 27 24 15.66
10 29 36 15.66
20 44 13 15.60
2 40 23 15.59
1 47 47 15.56
0 46 5 15.55
15 1 46 15.52
2 11 46 15.49
6 36 36 15.48
5 4 6 15.48
0 9 28 15.39
1 45 20 15.38
6 35 30 15.36
18 33 44 15.33
5 3 19 15.20
9 15 27 15.19
10 50 15 15.07
15 41 36 15.05
12 24 14 15.05
20 8 42 15.00
8 47 39 14.99
7 3 13 14.99
14 39 7 14.97
3 7 15 14.96
0 50 21 14.93
19 0 28 14.92
6 26 9 14.90
19 20 21 14.85
4 43 43 14.85
10 30 41 14.81
18 17 0 14.78
17 17 32 14.76
0 50 6 14.75
4 36 45 14.73
19 50 49 14.72
2 42 30 14.72
8 48 7 14.71
7 9 0 14.69
12 24 27 14.68
2 0 24 14.68
2 30 38 14.68
8 34 11 14.67
7 25 40 14.65
15 6 40 14.64
21 0 9 14.63
12 28 49 14.62
19 10 37 14.58
3 47 35 14.57
10 37 14 14.51
12 23 0 14.49
18 47 4 14.41
18 30 24 14.36
1 12 41 14.34
9 18 30 14.34
11 13 16 14.31
13 16 47 14.31
15 11 25 14.26
11 18 36 14.26
14 7 19 14.23
4 50 13 14.21
7 20 38 14.20
17 16 14 14.18
11 47 21 14.17
14 0 31 14.16
18 47 13 14.14
2 9 23 14.12
5 39 33 14.12
15 35 41 14.12
6 50 32 14.11
21 19 41 14.08
1 28 47 14.07
20 41 48 14.03
4 3 31 14.01
18 12 43 14.01
21 43 20 13.95
7 27 34 13.93
7 23 29 13.92
15 32 33 13.90
2 23 0 13.90
15 31 16 13.88
18 41 7 13.87
3 29 8 13.84
17 44 33 13.82
10 35 40 13.82
10 29 32 13.82
18 8 13 13.81
0 40 35 13.80
12 29 8 13.79
13 18 11 13.79
1 43 34 13.78
11 38 11 13.75
20 25 25 13.75
6 7 23 13.74
14 42 12 13.72
6 40 19 13.72
8 35 17 13.71
11 3 29 13.67
6 14 8 13.64
2 48 24 13.61
17 46 20 13.60
0 3 29 13.60
16 32 20 13.58
15 19 38 13.55
2 50 36 13.55
14 44 49 13.54
19 47 37 13.54
7 18 43 13.53
11 31 27 13.53
2 12 8 13.52
16 23 33 13.50
3 10 11 13.49
16 12 21 13.49
11 35 6 13.47
14 2 11 13.47
1 4 1 13.47
5 10 18 13.45
17 17 11 13.44
10 0 38 13.43
16 31 5 13.42
13 15 0 13.39
7 12 15 13.36
5 44 39 13.35
9 43 12 13.34
2 35 8 13.33
18 33 33 13.33
20 14 21 13.32
8 40 38 13.31
19 36 7 13.30
12 28 27 13.30
15 21 27 13.26
21 25 20 13.26
19 7 4 13.25
5 46 22 13.24
19 32 10 13.23
10 9 42 13.21
2 17 8 13.21
12 23 20 13.20
11 41 47 13.17
4 1 7 13.16
0 15 5 13.16
20 2 13 13.16
14 48 14 13.15
10 12 28 13.13
12 13 23 13.12
0 51 24 13.10
14 3 43 13.10
17 42 49 13.08
11 46 14 13.06
10 0 43 13.06
19 44 24 13.05
11 34 47 13.04
2 51 33 13.03
13 5 26 13.03
19 37 47 13.01
0 29 3 13.01
21 7 7 13.00
2 51 16 12.99
21 23 41 12.99
6 21 34 12.99
12 42 7 12.96
17 23 19 12.95
0 32 49 12.95
6 50 44 12.95
10 0 35 12.94
9 22 4 12.94
3 16 2 12.93
4 30 5 12.90
0 24 33 12.90
21 1 32 12.90
15 26 7 12.86
10 29 3 12.83
8 28 16 12.83
0 15 12 12.80
19 36 0 12.80
0 29 41 12.79
1 45 1 12.75
16 13 31 12.72
12 48 2 12.71
1 50 11 12.70
16 48 32 12.70
21 4 24 12.69
13 51 44 12.68
13 0 38 12.68
9 45 33 12.67
11 48 28 12.67
12 18 1 12.65
3 37 42 12.65
19 32 18 12.65
6 0 18 12.64
0 17 30 12.63
13 10 43 12.62
4 35 20 12.62
4 23 47 12.62
13 12 28 12.61
19 43 29 12.60
19 13 39 12.60
15 45 39 12.60
7 7 8 12.60
10 1 1 12.60
18 28 44 12.59
16 3 30 12.58
8 3 30 12.57
8 4 0 12.56
11 19 20 12.55
12 33 44 12.55
4 24 28 12.54
14 8 3 12.52
10 46 24 12.52
4 47 44 12.52
17 16 8 12.51
2 6 35 12.50
13 35 16 12.50
2 9 20 12.49
0 25 41 12.46
2 16 22 12.46
21 48 20 12.43
1 21 36 12.43
6 32 14 12.42
6 26 37 12.42
10 13 19 12.41
20 11 17 12.41
5 20 4 12.40
15 5 35 12.39
17 51 14 12.39
17 32 41 12.39
21 5 46 12.39
6 9 47 12.38
10 3 5 12.37
12 4 20 12.36
5 13 22 12.36
19 47 25 12.33
18 36 12 12.33
21 28 15 12.32
0 2 13 12.32
6 0 25 12.32
17 15 20 12.31
3 9 26 12.30
17 35 17 12.30
0 16 47 12.28
6 19 27 12.27
8 34 33 12.26
9 26 19 12.26
6 25 16 12.24
13 39 39 12.23
4 26 31 12.23
0 12 14 12.23
8 41 41 12.22
18 27 47 12.22
10 18 45 12.22
2 32 44 12.21
5 3 35 12.20
20 33 21 12.20
12 45 39 12.19
5 38 30 12.18
20 17 5 12.17
21 35 34 12.17
14 51 6 12.14
20 24 11 12.14
10 48 11 12.14
0 50 44 12.13
11 14 4 12.13
6 29 2 12.13
21 27 28 12.11
8 10 37 12.11
19 39 36 12.10
5 32 48 12.09
14 31 37 12.09
18 44 0 12.07
21 25 38 12.07
0 42 20 12.06
1 7 39 12.06
2 46 11 12.02
3 36 27 12.01
16 40 23 12.01
13 38 15 12.00
15 49 2 11.96
1 47 39 11.96
8 37 45 11.96
12 28 44 11.95
19 27 5 11.95
1 42 16 11.94
20 41 15 11.94
19 30 36 11.94
5 6 33 11.92
10 51 33 11.91
19 24 34 11.91
2 0 4 11.91
16 16 48 11.90
10 10 22 11.89
14 19 21 11.88
4 37 2 11.84
9 49 49 11.84
12 17 30 11.83
2 28 17 11.83
13 14 41 11.81
20 38 28 11.79
12 10 12 11.78
7 17 8 11.77
16 24 13 11.77
13 42 30 11.77
8 28 22 11.75
3 51 30 11.75
14 46 26 11.74
8 34 25 11.73
8 21 15 11.72
5 25 0 11.71
12 48 46 11.71
7 44 25 11.69
4 23 42 11.67
14 28 31 11.64
16 27 1 11.63
13 14 19 11.62
11 25 10 11.62
1 14 19 11.60
21 48 34 11.60
0 25 26 11.60
16 0 0 11.59
5 29 47 11.59
21 51 40 11.59
0 4 20 11.57
3 40 2 11.53
1 19 42 11.52
18 42 44 11.51
18 50 24 11.46
0 23 11 11.45
21 34 42 11.45
11 29 18 11.43
9 50 23 11.39
8 42 8 11.38
1 51 0 11.38
16 26 4 11.38
21 35 18 11.37
1 16 34 11.36
0 11 33 11.35
20 49 28 11.35
20 39 39 11.34
11 9 5 11.33
16 42 30 11.33
20 19 16 11.32
5 21 24 11.31
19 12 49 11.31
0 23 7 11.26
17 35 23 11.24
7 31 17 11.22
16 39 1 11.19
21 22 49 11.18
5 32 21 11.16
7 1 5 11.14
20 51 32 11.13
21 12 13 11.11
5 14 48 11.10
13 44 44 11.09
7 36 20 11.07
13 7 9 11.06
0 24 29 11.05
21 30 44 11.05
7 7 40 11.04
8 33 5 11.03
8 40 4 11.03
12 30 24 11.02
2 16 42 11.01
10 21 46 11.00
8 44 0 10.99
16 12 0 10.99
13 42 0 10.99
2 28 13 10.98
15 41 27 10.98
3 11 4 10.97
15 20 49 10.97
14 10 6 10.96
4 47 1 10.96
18 25 16 10.95
16 12 3 10.95
20 38 20 10.95
19 41 3 10.94
21 8 28 10.91
4 24 24 10.89
20 23 6 10.87
7 2 38 10.86
13 4 0 10.85
1 28 20 10.85
15 32 0 10.83
7 13 43 10.82
15 33 11 10.81
11 21 24 10.78
13 5 14 10.78
0 20 23 10.71
8 5 49 10.71
9 5 35 10.70
12 6 39 10.69
18 18 36 10.67
11 21 40 10.67
15 29 10 10.66
18 48 46 10.66
16 41 40 10.65
8 0 9 10.64
14 45 4 10.64
8 32 44 10.62
19 1 3 10.61
16 2 37 10.60
4 51 2 10.59
4 6 11 10.58
15 50 48 10.58
12 31 13 10.58
5 33 5 10.56
6 51 26 10.56
5 9 30 10.55
18 14 26 10.54
13 51 16 10.54
15 23 7 10.49
21 26 46 10.47
1 33 30 10.47
11 4 11 10.46
0 43 25 10.45
0 50 49 10.44
5 23 19 10.43
12 5 23 10.39
0 21 33 10.38
17 6 0 10.38
0 11 11 10.38
0 20 12 10.38
21 43 0 10.37
10 19 27 10.35
13 9 48 10.34
12 22 11 10.31
3 50 19 10.30
0 50 28 10.28
0 28 26 10.28
20 17 28 10.26
21 11 6 10.21
19 0 39 10.15
21 31 5 10.14
8 30 25 10.13
10 26 38 10.11
14 44 33 10.10
9 9 25 10.06
11 39 0 10.06
11 2 48 10.05
0 17 19 10.05
16 38 38 10.05
8 11 32 10.03
8 39 1 10.01
21 37 15 9.99
14 38 35 9.98
2 32 20 9.96
15 37 32 9.88
12 24 34 9.86
6 38 48 9.85
4 40 45 9.81
16 9 38 9.80
20 27 10 9.80
15 24 10 9.79
6 27 6 9.79
16 50 10 9.74
21 9 33 9.72
2 11 37 9.71
18 5 37 9.70
2 33 12 9.67
13 49 37 9.66
20 22 44 9.64
0 10 1 9.55
7 32 0 9.54
0 36 0 9.51
21 7 10 9.49
2 39 16 9.49
0 3 17 9.48
21 33 26 9.45
15 19 16 9.43
18 20 40 9.32
11 51 19 9.27
0 0 31 9.26
0 13 0 9.24
0 27 29 9.13
14 8 34 9.12
5 29 14 9.11
6 12 26 9.10
1 0 40 9.05
15 23 46 8.89
14 25 49 8.87
21 4 2 8.86
8 32 22 8.82
0 13 27 8.76
14 49 41 8.72
20 51 2 8.72
5 0 42 8.69
21 5 27 8.65
21 45 6 8.52
21 6 33 8.43
1 24 44 8.04
0 22 48 7.97
21 21 27 7.85
